/Users/wangxuan/Python_wx/Algorithm/venv/bin/python /Users/wangxuan/MachineLearning/K-means/binary_KMeans.py
initial cenList: 
[[-0.15772275000000002, 1.2253301166666664]]
initial clusterAssment: 
[[ 0.         14.78535669]
 [ 0.         12.05471423]
 [ 0.         21.44059248]
 [ 0.          9.43251516]
 [ 0.          5.45129   ]
 [ 0.          5.150052  ]
 [ 0.         15.80633204]
 [ 0.         11.31888701]
 [ 0.          8.14507119]
 [ 0.          7.36572262]
 [ 0.          3.80858941]
 [ 0.         14.8623553 ]
 [ 0.          6.80542596]
 [ 0.         10.49891799]
 [ 0.         29.10546858]
 [ 0.         15.11335493]
 [ 0.         14.10727903]
 [ 0.         16.47320273]
 [ 0.         14.17980009]
 [ 0.         14.47228827]
 [ 0.         13.28150249]
 [ 0.          8.03301013]
 [ 0.          8.36794972]
 [ 0.         14.13718266]
 [ 0.         28.66335176]
 [ 0.         33.19160748]
 [ 0.          7.40528265]
 [ 0.         14.64655996]
 [ 0.         17.05203827]
 [ 0.         19.67897274]
 [ 0.         14.66998777]
 [ 0.         28.09944111]
 [ 0.         14.29491327]
 [ 0.         22.03168181]
 [ 0.         11.72395807]
 [ 0.         21.7833321 ]
 [ 0.          6.20096868]
 [ 0.          9.222083  ]
 [ 0.         24.19234412]
 [ 0.         13.10458357]
 [ 0.          5.31515668]
 [ 0.         16.73928095]
 [ 0.         27.92371556]
 [ 0.         25.54221108]
 [ 0.         18.7155935 ]
 [ 0.         11.6559034 ]
 [ 0.         26.70109957]
 [ 0.         25.82450148]
 [ 0.         33.79833433]
 [ 0.         10.82539117]
 [ 0.         18.08536368]
 [ 0.         18.94096864]
 [ 0.         11.31103159]
 [ 0.         22.90640658]
 [ 0.          6.75666672]
 [ 0.         13.08597997]
 [ 0.         17.17884359]
 [ 0.         13.16314071]
 [ 0.          9.84436676]
 [ 0.         22.14782904]]
i=0
the 0 cluster is splited 2 clusters.
[[-1.70351595  0.27408125]
 [ 2.93386365  3.12782785]]
[[1.00000000e+00 1.45461050e-01]
 [0.00000000e+00 8.11896606e+00]
 [0.00000000e+00 1.75651937e+01]
 [1.00000000e+00 1.34548760e+00]
 [0.00000000e+00 5.32994105e+00]
 [0.00000000e+00 1.84591445e+00]
 [1.00000000e+00 8.37259951e-01]
 [0.00000000e+00 8.70028244e+00]
 [0.00000000e+00 2.36308055e+00]
 [1.00000000e+00 7.44081160e+00]
 [0.00000000e+00 9.13971589e+00]
 [0.00000000e+00 9.91148728e+00]
 [1.00000000e+00 1.11946529e+00]
 [0.00000000e+00 8.46977531e+00]
 [0.00000000e+00 2.25374054e+01]
 [1.00000000e+00 1.49635209e+00]
 [0.00000000e+00 5.98366252e+00]
 [0.00000000e+00 1.08643169e+01]
 [1.00000000e+00 1.32453845e-01]
 [0.00000000e+00 1.02452905e+01]
 [0.00000000e+00 1.15229534e+01]
 [1.00000000e+00 1.72445523e+00]
 [0.00000000e+00 9.81809115e+00]
 [0.00000000e+00 8.62369705e+00]
 [1.00000000e+00 3.00429548e+00]
 [0.00000000e+00 2.84996209e+01]
 [0.00000000e+00 4.06868234e+00]
 [1.00000000e+00 2.74825782e+00]
 [0.00000000e+00 1.57940315e+01]
 [0.00000000e+00 1.05895965e+01]
 [1.00000000e+00 1.76804356e+00]
 [0.00000000e+00 2.65779736e+01]
 [0.00000000e+00 6.05237282e+00]
 [1.00000000e+00 1.14812052e+00]
 [0.00000000e+00 1.51970762e+01]
 [0.00000000e+00 1.31297020e+01]
 [1.00000000e+00 3.23315472e+00]
 [0.00000000e+00 1.08880558e+01]
 [0.00000000e+00 2.14283036e+01]
 [1.00000000e+00 2.59370616e-01]
 [0.00000000e+00 7.38296689e+00]
 [0.00000000e+00 7.64626921e+00]
 [1.00000000e+00 2.94567602e+00]
 [0.00000000e+00 2.11480429e+01]
 [0.00000000e+00 1.68215709e+01]
 [1.00000000e+00 9.45169633e-01]
 [0.00000000e+00 2.45588206e+01]
 [0.00000000e+00 1.82387396e+01]
 [1.00000000e+00 5.09476462e+00]
 [0.00000000e+00 1.41529046e+01]
 [0.00000000e+00 1.35014501e+01]
 [1.00000000e+00 1.50301593e+00]
 [0.00000000e+00 8.71888281e+00]
 [0.00000000e+00 2.03981885e+01]
 [1.00000000e+00 2.63462894e+00]
 [0.00000000e+00 1.24439502e+01]
 [0.00000000e+00 1.02403278e+01]
 [1.00000000e+00 3.05416591e-03]
 [0.00000000e+00 4.16896492e+00]
 [0.00000000e+00 1.90820624e+01]]
indexes of samples not in 0 cluster.
[]
sseSplit, and notSplit:  541.2976292649145 0.0
i=0, total SEE of the split  is less than lowest SEE, the split is valid!
hhhhhhhhhhhh
the bestCentToSplit is:  0
the len of bestClustAss is:  60
centList has been updated: 
[[-1.7035159500000003, 0.27408125000000005], [2.93386365, 3.12782785]]
clusterAssment has been updated: 
[[1.00000000e+00 1.45461050e-01]
 [0.00000000e+00 8.11896606e+00]
 [0.00000000e+00 1.75651937e+01]
 [1.00000000e+00 1.34548760e+00]
 [0.00000000e+00 5.32994105e+00]
 [0.00000000e+00 1.84591445e+00]
 [1.00000000e+00 8.37259951e-01]
 [0.00000000e+00 8.70028244e+00]
 [0.00000000e+00 2.36308055e+00]
 [1.00000000e+00 7.44081160e+00]
 [0.00000000e+00 9.13971589e+00]
 [0.00000000e+00 9.91148728e+00]
 [1.00000000e+00 1.11946529e+00]
 [0.00000000e+00 8.46977531e+00]
 [0.00000000e+00 2.25374054e+01]
 [1.00000000e+00 1.49635209e+00]
 [0.00000000e+00 5.98366252e+00]
 [0.00000000e+00 1.08643169e+01]
 [1.00000000e+00 1.32453845e-01]
 [0.00000000e+00 1.02452905e+01]
 [0.00000000e+00 1.15229534e+01]
 [1.00000000e+00 1.72445523e+00]
 [0.00000000e+00 9.81809115e+00]
 [0.00000000e+00 8.62369705e+00]
 [1.00000000e+00 3.00429548e+00]
 [0.00000000e+00 2.84996209e+01]
 [0.00000000e+00 4.06868234e+00]
 [1.00000000e+00 2.74825782e+00]
 [0.00000000e+00 1.57940315e+01]
 [0.00000000e+00 1.05895965e+01]
 [1.00000000e+00 1.76804356e+00]
 [0.00000000e+00 2.65779736e+01]
 [0.00000000e+00 6.05237282e+00]
 [1.00000000e+00 1.14812052e+00]
 [0.00000000e+00 1.51970762e+01]
 [0.00000000e+00 1.31297020e+01]
 [1.00000000e+00 3.23315472e+00]
 [0.00000000e+00 1.08880558e+01]
 [0.00000000e+00 2.14283036e+01]
 [1.00000000e+00 2.59370616e-01]
 [0.00000000e+00 7.38296689e+00]
 [0.00000000e+00 7.64626921e+00]
 [1.00000000e+00 2.94567602e+00]
 [0.00000000e+00 2.11480429e+01]
 [0.00000000e+00 1.68215709e+01]
 [1.00000000e+00 9.45169633e-01]
 [0.00000000e+00 2.45588206e+01]
 [0.00000000e+00 1.82387396e+01]
 [1.00000000e+00 5.09476462e+00]
 [0.00000000e+00 1.41529046e+01]
 [0.00000000e+00 1.35014501e+01]
 [1.00000000e+00 1.50301593e+00]
 [0.00000000e+00 8.71888281e+00]
 [0.00000000e+00 2.03981885e+01]
 [1.00000000e+00 2.63462894e+00]
 [0.00000000e+00 1.24439502e+01]
 [0.00000000e+00 1.02403278e+01]
 [1.00000000e+00 3.05416591e-03]
 [0.00000000e+00 4.16896492e+00]
 [0.00000000e+00 1.90820624e+01]]
i=0
the 0 cluster is splited 2 clusters.
[[-0.45965615 -2.7782156 ]
 [-2.94737575  3.3263781 ]]
[[1.         0.68021383]
 [0.         1.02184582]
 [1.         1.35376464]
 [0.         3.87167519]
 [1.         0.22011627]
 [0.         3.53809057]
 [1.         5.2807004 ]
 [0.         0.02566744]
 [1.         0.16789088]
 [0.         2.11734245]
 [1.         4.93628241]
 [0.         0.0097675 ]
 [1.         0.63934605]
 [0.         0.94179192]
 [1.         0.7506828 ]
 [0.         0.1487856 ]
 [1.         5.15437527]
 [0.         1.80316434]
 [1.         0.46686031]
 [0.         1.28807718]
 [1.         3.54002368]
 [0.         2.1251675 ]
 [1.         1.78247878]
 [0.         0.87944565]
 [1.         0.74393437]
 [0.         2.36276631]
 [1.         1.82015977]
 [0.         2.1059905 ]
 [1.         2.49952822]
 [0.         1.54957269]
 [1.         2.91966903]
 [0.         1.13851139]
 [1.         1.64971118]
 [0.         0.19893495]
 [1.         0.21335976]
 [0.         2.16005416]
 [1.         0.07608982]
 [0.         0.26019829]
 [1.         3.16776316]
 [0.         1.6104    ]]
indexes of samples not in 0 cluster.
[ 0  3  6  9 12 15 18 21 24 27 30 33 36 39 42 45 48 51 54 57]
sseSplit, and notSplit:  67.2202000797829 39.52929868209309
i=0, total SEE of the split  is less than lowest SEE, the split is valid!
i=1
the 1 cluster is splited 2 clusters.
[[3.6690305  4.03686067]
 [2.61879214 2.73824236]]
[[1.         0.47892296]
 [1.         1.24196007]
 [0.         0.97458958]
 [1.         5.29115174]
 [1.         0.31739467]
 [1.         1.39736639]
 [1.         0.6112889 ]
 [1.         1.3849703 ]
 [0.         0.75168653]
 [0.         3.22146616]
 [1.         1.54018725]
 [0.         0.28839223]
 [1.         2.52877   ]
 [1.         0.63625311]
 [0.         1.15703841]
 [1.         0.57150452]
 [0.         1.18433576]
 [1.         1.94984235]
 [1.         2.05321275]
 [1.         0.23344249]]
indexes of samples not in 1 cluster.
[ 1  2  4  5  7  8 10 11 13 14 16 17 19 20 22 23 25 26 28 29 31 32 34 35
 37 38 40 41 43 44 46 47 49 50 52 53 55 56 58 59]
sseSplit, and notSplit:  27.813776175385765 501.7683305828214
hhhhhhhhhhhh
the bestCentToSplit is:  0
the len of bestClustAss is:  40
centList has been updated: 
[[-0.45965614999999993, -2.7782156000000002], [2.93386365, 3.12782785], [-2.94737575, 3.3263781000000003]]
clusterAssment has been updated: 
[[1.00000000e+00 1.45461050e-01]
 [2.00000000e+00 6.80213825e-01]
 [0.00000000e+00 1.02184582e+00]
 [1.00000000e+00 1.34548760e+00]
 [2.00000000e+00 1.35376464e+00]
 [0.00000000e+00 3.87167519e+00]
 [1.00000000e+00 8.37259951e-01]
 [2.00000000e+00 2.20116272e-01]
 [0.00000000e+00 3.53809057e+00]
 [1.00000000e+00 7.44081160e+00]
 [2.00000000e+00 5.28070040e+00]
 [0.00000000e+00 2.56674394e-02]
 [1.00000000e+00 1.11946529e+00]
 [2.00000000e+00 1.67890884e-01]
 [0.00000000e+00 2.11734245e+00]
 [1.00000000e+00 1.49635209e+00]
 [2.00000000e+00 4.93628241e+00]
 [0.00000000e+00 9.76749869e-03]
 [1.00000000e+00 1.32453845e-01]
 [2.00000000e+00 6.39346045e-01]
 [0.00000000e+00 9.41791924e-01]
 [1.00000000e+00 1.72445523e+00]
 [2.00000000e+00 7.50682798e-01]
 [0.00000000e+00 1.48785604e-01]
 [1.00000000e+00 3.00429548e+00]
 [2.00000000e+00 5.15437527e+00]
 [0.00000000e+00 1.80316434e+00]
 [1.00000000e+00 2.74825782e+00]
 [2.00000000e+00 4.66860313e-01]
 [0.00000000e+00 1.28807718e+00]
 [1.00000000e+00 1.76804356e+00]
 [2.00000000e+00 3.54002368e+00]
 [0.00000000e+00 2.12516750e+00]
 [1.00000000e+00 1.14812052e+00]
 [2.00000000e+00 1.78247878e+00]
 [0.00000000e+00 8.79445646e-01]
 [1.00000000e+00 3.23315472e+00]
 [2.00000000e+00 7.43934371e-01]
 [0.00000000e+00 2.36276631e+00]
 [1.00000000e+00 2.59370616e-01]
 [2.00000000e+00 1.82015977e+00]
 [0.00000000e+00 2.10599050e+00]
 [1.00000000e+00 2.94567602e+00]
 [2.00000000e+00 2.49952822e+00]
 [0.00000000e+00 1.54957269e+00]
 [1.00000000e+00 9.45169633e-01]
 [2.00000000e+00 2.91966903e+00]
 [0.00000000e+00 1.13851139e+00]
 [1.00000000e+00 5.09476462e+00]
 [2.00000000e+00 1.64971118e+00]
 [0.00000000e+00 1.98934951e-01]
 [1.00000000e+00 1.50301593e+00]
 [2.00000000e+00 2.13359760e-01]
 [0.00000000e+00 2.16005416e+00]
 [1.00000000e+00 2.63462894e+00]
 [2.00000000e+00 7.60898177e-02]
 [0.00000000e+00 2.60198288e-01]
 [1.00000000e+00 3.05416591e-03]
 [2.00000000e+00 3.16776316e+00]
 [0.00000000e+00 1.61040000e+00]]
[[1.00000000e+00 1.45461050e-01]
 [2.00000000e+00 6.80213825e-01]
 [0.00000000e+00 1.02184582e+00]
 [1.00000000e+00 1.34548760e+00]
 [2.00000000e+00 1.35376464e+00]
 [0.00000000e+00 3.87167519e+00]
 [1.00000000e+00 8.37259951e-01]
 [2.00000000e+00 2.20116272e-01]
 [0.00000000e+00 3.53809057e+00]
 [1.00000000e+00 7.44081160e+00]
 [2.00000000e+00 5.28070040e+00]
 [0.00000000e+00 2.56674394e-02]
 [1.00000000e+00 1.11946529e+00]
 [2.00000000e+00 1.67890884e-01]
 [0.00000000e+00 2.11734245e+00]
 [1.00000000e+00 1.49635209e+00]
 [2.00000000e+00 4.93628241e+00]
 [0.00000000e+00 9.76749869e-03]
 [1.00000000e+00 1.32453845e-01]
 [2.00000000e+00 6.39346045e-01]
 [0.00000000e+00 9.41791924e-01]
 [1.00000000e+00 1.72445523e+00]
 [2.00000000e+00 7.50682798e-01]
 [0.00000000e+00 1.48785604e-01]
 [1.00000000e+00 3.00429548e+00]
 [2.00000000e+00 5.15437527e+00]
 [0.00000000e+00 1.80316434e+00]
 [1.00000000e+00 2.74825782e+00]
 [2.00000000e+00 4.66860313e-01]
 [0.00000000e+00 1.28807718e+00]
 [1.00000000e+00 1.76804356e+00]
 [2.00000000e+00 3.54002368e+00]
 [0.00000000e+00 2.12516750e+00]
 [1.00000000e+00 1.14812052e+00]
 [2.00000000e+00 1.78247878e+00]
 [0.00000000e+00 8.79445646e-01]
 [1.00000000e+00 3.23315472e+00]
 [2.00000000e+00 7.43934371e-01]
 [0.00000000e+00 2.36276631e+00]
 [1.00000000e+00 2.59370616e-01]
 [2.00000000e+00 1.82015977e+00]
 [0.00000000e+00 2.10599050e+00]
 [1.00000000e+00 2.94567602e+00]
 [2.00000000e+00 2.49952822e+00]
 [0.00000000e+00 1.54957269e+00]
 [1.00000000e+00 9.45169633e-01]
 [2.00000000e+00 2.91966903e+00]
 [0.00000000e+00 1.13851139e+00]
 [1.00000000e+00 5.09476462e+00]
 [2.00000000e+00 1.64971118e+00]
 [0.00000000e+00 1.98934951e-01]
 [1.00000000e+00 1.50301593e+00]
 [2.00000000e+00 2.13359760e-01]
 [0.00000000e+00 2.16005416e+00]
 [1.00000000e+00 2.63462894e+00]
 [2.00000000e+00 7.60898177e-02]
 [0.00000000e+00 2.60198288e-01]
 [1.00000000e+00 3.05416591e-03]
 [2.00000000e+00 3.16776316e+00]
 [0.00000000e+00 1.61040000e+00]]

Process finished with exit code 0
